1 1001
1001 2000
2001 2999
3001 3998
4001 4997
5001 5996
6001 6995
7001 7994
8001 8993
9001 9992
10001 10991
11001 11990
12001 12989
13001 13988
14001 14987
15001 15986
16001 16985
17001 17984
18001 18983
19001 19982
20001 20981
21001 21980
22001 22979
23001 23978
24001 24977
25001 25976
26001 26975
27001 27974
28001 28973
29001 29972
30001 30971
31001 31970
32001 32969
33001 33968
34001 34967
35001 35966
36001 36965
37001 37964
38001 38963
39001 39962
40001 40961
41001 41960
42001 42959
43001 43958
44001 44957
45001 45956
46001 46955
47001 47954
48001 48953
49001 49952
50001 50951
51001 51950
52001 52949
53001 53948
54001 54947
55001 55946
56001 56945
57001 57944
58001 58943
59001 59942
60001 60941
61001 61940
62001 62939
63001 63938
64001 64937
65001 65936
66001 66935
67001 67934
68001 68933
69001 69932
70001 70931
71001 71930
72001 72929
73001 73928
74001 74927
75001 75926
76001 76925
77001 77924
78001 78923
79001 79922
80001 80921
81001 81920
82001 82919
83001 83918
84001 84917
85001 85916
86001 86915
87001 87914
88001 88913
89001 89912
90001 90911
91001 91910
92001 92909
93001 93908
94001 94907
95001 95906
96001 96905
97001 97904
98001 98903
99001 99902
100001 100901
101001 101900
102001 102899
103001 103898
104001 104897
105001 105896
106001 106895
107001 107894
108001 108893
109001 109892
110001 110891
111001 111890
112001 112889
113001 113888
114001 114887
115001 115886
116001 116885
117001 117884
118001 118883
119001 119882
120001 120881
121001 121880
122001 122879
123001 123878
124001 124877
125001 125876
126001 126875
127001 127874
128001 128873
129001 129872
130001 130871
131001 131870
132001 132869
133001 133868
134001 134867
135001 135866
136001 136865
137001 137864
138001 138863
139001 139862
140001 140861
141001 141860
142001 142859
143001 143858
144001 144857
145001 145856
146001 146855
147001 147854
148001 148853
149001 149852
150001 150851
151001 151850
152001 152849
153001 153848
154001 154847
155001 155846
156001 156845
157001 157844
158001 158843
159001 159842
160001 160841
161001 161840
162001 162839
163001 163838
164001 164837
165001 165836
166001 166835
167001 167834
168001 168833
169001 169832
170001 170831
171001 171830
172001 172829
173001 173828
174001 174827
175001 175826
176001 176825
177001 177824
178001 178823
179001 179822
180001 180821
181001 181820
182001 182819
183001 183818
184001 184817
185001 185816
186001 186815
187001 187814
188001 188813
189001 189812
190001 190811
191001 191810
192001 192809
193001 193808
194001 194807
195001 195806
196001 196805
197001 197804
198001 198803
199001 199802
200001 200801
201001 201800
202001 202799
203001 203798
204001 204797
205001 205796
206001 206795
207001 207794
208001 208793
209001 209792
210001 210791
211001 211790
212001 212789
213001 213788
214001 214787
215001 215786
216001 216785
217001 217784
218001 218783
219001 219782
220001 220781
221001 221780
222001 222779
223001 223778
224001 224777
225001 225776
226001 226775
227001 227774
228001 228773
229001 229772
230001 230771
231001 231770
232001 232769
233001 233768
234001 234767
235001 235766
236001 236765
237001 237764
238001 238763
239001 239762
240001 240761
241001 241760
242001 242759
243001 243758
244001 244757
245001 245756
246001 246755
247001 247754
248001 248753
249001 249752
250001 250751
251001 251750
252001 252749
253001 253748
254001 254747
255001 255746
256001 256745
257001 257744
258001 258743
259001 259742
260001 260741
261001 261740
262001 262739
263001 263738
264001 264737
265001 265736
266001 266735
267001 267734
268001 268733
269001 269732
270001 270731
271001 271730
272001 272729
273001 273728
274001 274727
275001 275726
276001 276725
277001 277724
278001 278723
279001 279722
280001 280721
281001 281720
282001 282719
283001 283718
284001 284717
285001 285716
286001 286715
287001 287714
288001 288713
289001 289712
290001 290711
291001 291710
292001 292709
293001 293708
294001 294707
295001 295706
296001 296705
297001 297704
298001 298703
299001 299702
300001 300701
301001 301700
302001 302699
303001 303698
304001 304697
305001 305696
306001 306695
307001 307694
308001 308693
309001 309692
310001 310691
311001 311690
312001 312689
313001 313688
314001 314687
315001 315686
316001 316685
317001 317684
318001 318683
319001 319682
320001 320681
321001 321680
322001 322679
323001 323678
324001 324677
325001 325676
326001 326675
327001 327674
328001 328673
329001 329672
330001 330671
331001 331670
332001 332669
333001 333668
334001 334667
335001 335666
336001 336665
337001 337664
338001 338663
339001 339662
340001 340661
341001 341660
342001 342659
343001 343658
344001 344657
345001 345656
346001 346655
347001 347654
348001 348653
349001 349652
350001 350651
351001 351650
352001 352649
353001 353648
354001 354647
355001 355646
356001 356645
357001 357644
358001 358643
359001 359642
360001 360641
361001 361640
362001 362639
363001 363638
364001 364637
365001 365636
366001 366635
367001 367634
368001 368633
369001 369632
370001 370631
371001 371630
372001 372629
373001 373628
374001 374627
375001 375626
376001 376625
377001 377624
378001 378623
379001 379622
380001 380621
381001 381620
382001 382619
383001 383618
384001 384617
385001 385616
386001 386615
387001 387614
388001 388613
389001 389612
390001 390611
391001 391610
392001 392609
393001 393608
394001 394607
395001 395606
396001 396605
397001 397604
398001 398603
399001 399602
400001 400601
401001 401600
402001 402599
403001 403598
404001 404597
405001 405596
406001 406595
407001 407594
408001 408593
409001 409592
410001 410591
411001 411590
412001 412589
413001 413588
414001 414587
415001 415586
416001 416585
417001 417584
418001 418583
419001 419582
420001 420581
421001 421580
422001 422579
423001 423578
424001 424577
425001 425576
426001 426575
427001 427574
428001 428573
429001 429572
430001 430571
431001 431570
432001 432569
433001 433568
434001 434567
435001 435566
436001 436565
437001 437564
438001 438563
439001 439562
440001 440561
441001 441560
442001 442559
443001 443558
444001 444557
445001 445556
446001 446555
447001 447554
448001 448553
449001 449552
450001 450551
451001 451550
452001 452549
453001 453548
454001 454547
455001 455546
456001 456545
457001 457544
458001 458543
459001 459542
460001 460541
461001 461540
462001 462539
463001 463538
464001 464537
465001 465536
466001 466535
467001 467534
468001 468533
469001 469532
470001 470531
471001 471530
472001 472529
473001 473528
474001 474527
475001 475526
476001 476525
477001 477524
478001 478523
479001 479522
480001 480521
481001 481520
482001 482519
483001 483518
484001 484517
485001 485516
486001 486515
487001 487514
488001 488513
489001 489512
490001 490511
491001 491510
492001 492509
493001 493508
494001 494507
495001 495506
496001 496505
497001 497504
498001 498503
499001 499502
500001 500501
501001 501500
502001 502499
503001 503498
504001 504497
505001 505496
506001 506495
507001 507494
508001 508493
509001 509492
510001 510491
511001 511490
512001 512489
513001 513488
514001 514487
515001 515486
516001 516485
517001 517484
518001 518483
519001 519482
520001 520481
521001 521480
522001 522479
523001 523478
524001 524477
525001 525476
526001 526475
527001 527474
528001 528473
529001 529472
530001 530471
531001 531470
532001 532469
533001 533468
534001 534467
535001 535466
536001 536465
537001 537464
538001 538463
539001 539462
540001 540461
541001 541460
542001 542459
543001 543458
544001 544457
545001 545456
546001 546455
547001 547454
548001 548453
549001 549452
550001 550451
551001 551450
552001 552449
553001 553448
554001 554447
555001 555446
556001 556445
557001 557444
558001 558443
559001 559442
560001 560441
561001 561440
562001 562439
563001 563438
564001 564437
565001 565436
566001 566435
567001 567434
568001 568433
569001 569432
570001 570431
571001 571430
572001 572429
573001 573428
574001 574427
575001 575426
576001 576425
577001 577424
578001 578423
579001 579422
580001 580421
581001 581420
582001 582419
583001 583418
584001 584417
585001 585416
586001 586415
587001 587414
588001 588413
589001 589412
590001 590411
591001 591410
592001 592409
593001 593408
594001 594407
595001 595406
596001 596405
597001 597404
598001 598403
599001 599402
600001 600401
601001 601400
602001 602399
603001 603398
604001 604397
605001 605396
606001 606395
607001 607394
608001 608393
609001 609392
610001 610391
611001 611390
612001 612389
613001 613388
614001 614387
615001 615386
616001 616385
617001 617384
618001 618383
619001 619382
620001 620381
621001 621380
622001 622379
623001 623378
624001 624377
625001 625376
626001 626375
627001 627374
628001 628373
629001 629372
630001 630371
631001 631370
632001 632369
633001 633368
634001 634367
635001 635366
636001 636365
637001 637364
638001 638363
639001 639362
640001 640361
641001 641360
642001 642359
643001 643358
644001 644357
645001 645356
646001 646355
647001 647354
648001 648353
649001 649352
650001 650351
651001 651350
652001 652349
653001 653348
654001 654347
655001 655346
656001 656345
657001 657344
658001 658343
659001 659342
660001 660341
661001 661340
662001 662339
663001 663338
664001 664337
665001 665336
666001 666335
667001 667334
668001 668333
669001 669332
670001 670331
671001 671330
672001 672329
673001 673328
674001 674327
675001 675326
676001 676325
677001 677324
678001 678323
679001 679322
680001 680321
681001 681320
682001 682319
683001 683318
684001 684317
685001 685316
686001 686315
687001 687314
688001 688313
689001 689312
690001 690311
691001 691310
692001 692309
693001 693308
694001 694307
695001 695306
696001 696305
697001 697304
698001 698303
699001 699302
700001 700301
701001 701300
702001 702299
703001 703298
704001 704297
705001 705296
706001 706295
707001 707294
708001 708293
709001 709292
710001 710291
711001 711290
712001 712289
713001 713288
714001 714287
715001 715286
716001 716285
717001 717284
718001 718283
719001 719282
720001 720281
721001 721280
722001 722279
723001 723278
724001 724277
725001 725276
726001 726275
727001 727274
728001 728273
729001 729272
730001 730271
731001 731270
732001 732269
733001 733268
734001 734267
735001 735266
736001 736265
737001 737264
738001 738263
739001 739262
740001 740261
741001 741260
742001 742259
743001 743258
744001 744257
745001 745256
746001 746255
747001 747254
748001 748253
749001 749252
750001 750251
751001 751250
752001 752249
753001 753248
754001 754247
755001 755246
756001 756245
757001 757244
758001 758243
759001 759242
760001 760241
761001 761240
762001 762239
763001 763238
764001 764237
765001 765236
766001 766235
767001 767234
768001 768233
769001 769232
770001 770231
771001 771230
772001 772229
773001 773228
774001 774227
775001 775226
776001 776225
777001 777224
778001 778223
779001 779222
780001 780221
781001 781220
782001 782219
783001 783218
784001 784217
785001 785216
786001 786215
787001 787214
788001 788213
789001 789212
790001 790211
791001 791210
792001 792209
793001 793208
794001 794207
795001 795206
796001 796205
797001 797204
798001 798203
799001 799202
800001 800201
801001 801200
802001 802199
803001 803198
804001 804197
805001 805196
806001 806195
807001 807194
808001 808193
809001 809192
810001 810191
811001 811190
812001 812189
813001 813188
814001 814187
815001 815186
816001 816185
817001 817184
818001 818183
819001 819182
820001 820181
821001 821180
822001 822179
823001 823178
824001 824177
825001 825176
826001 826175
827001 827174
828001 828173
829001 829172
830001 830171
831001 831170
832001 832169
833001 833168
834001 834167
835001 835166
836001 836165
837001 837164
838001 838163
839001 839162
840001 840161
841001 841160
842001 842159
843001 843158
844001 844157
845001 845156
846001 846155
847001 847154
848001 848153
849001 849152
850001 850151
851001 851150
852001 852149
853001 853148
854001 854147
855001 855146
856001 856145
857001 857144
858001 858143
859001 859142
860001 860141
861001 861140
862001 862139
863001 863138
864001 864137
865001 865136
866001 866135
867001 867134
868001 868133
869001 869132
870001 870131
871001 871130
872001 872129
873001 873128
874001 874127
875001 875126
876001 876125
877001 877124
878001 878123
879001 879122
880001 880121
881001 881120
882001 882119
883001 883118
884001 884117
885001 885116
886001 886115
887001 887114
888001 888113
889001 889112
890001 890111
891001 891110
892001 892109
893001 893108
894001 894107
895001 895106
896001 896105
897001 897104
898001 898103
899001 899102
900001 900101
901001 901100
902001 902099
903001 903098
904001 904097
905001 905096
906001 906095
907001 907094
908001 908093
909001 909092
910001 910091
911001 911090
912001 912089
913001 913088
914001 914087
915001 915086
916001 916085
917001 917084
918001 918083
919001 919082
920001 920081
921001 921080
922001 922079
923001 923078
924001 924077
925001 925076
926001 926075
927001 927074
928001 928073
929001 929072
930001 930071
931001 931070
932001 932069
933001 933068
934001 934067
935001 935066
936001 936065
937001 937064
938001 938063
939001 939062
940001 940061
941001 941060
942001 942059
943001 943058
944001 944057
945001 945056
946001 946055
947001 947054
948001 948053
949001 949052
950001 950051
951001 951050
952001 952049
953001 953048
954001 954047
955001 955046
956001 956045
957001 957044
958001 958043
959001 959042
960001 960041
961001 961040
962001 962039
963001 963038
964001 964037
965001 965036
966001 966035
967001 967034
968001 968033
969001 969032
970001 970031
971001 971030
972001 972029
973001 973028
974001 974027
975001 975026
976001 976025
977001 977024
978001 978023
979001 979022
980001 980021
981001 981020
982001 982019
983001 983018
984001 984017
985001 985016
986001 986015
987001 987014
988001 988013
989001 989012
990001 990011
991001 991010
992001 992009
993001 993008
994001 994007
995001 995006
996001 996005
997001 997004
998001 998003
999001 999002
